line_measurements.ecsv
# %ECSV 1.0
# ---
# datatype:
# - {name: center_guess_nm, datatype: float64}
# - {name: fit_center_nm, datatype: float64}
# - {name: EW_nm, datatype: float64}
# schema: astropy-2.0
center_guess_nm fit_center_nm EW_nm
[from data line 7375]
1435.777518042448 1435.7291176647436 0.9834358656368245
1435.7953586512044 1435.729117633005 0.9734686571863067
1435.8265802499498 1435.7291176370547 0.9557751601973393
1435.8488818075732 1435.7291176078722 0.8897547903993339
1435.8622629084164 1435.729117597866 1.0361972403412902
1435.8801045701912 1435.7291175966013 0.9733079030148963
1435.9157885588254 1435.7291176132178 0.9918418274394727
1435.9291702831924 1435.7291176074623 0.9995638118689814
1436.4556170414298 1435.7291173146828 0.7474719157438686
1436.47346607607 1435.729117189548 0.7371287880569428
1436.6028782102278 1435.7291169781533 0.6366016613702249
1436.6296545901137 1435.7291169781533 0.6366016613702249
1436.6475057873006 1435.7291169781533 0.6366016613702249
1436.660894330757 1435.7291169781533 0.6366016613702249
1436.6742829989855 1435.7291169781533 0.6366016613702249
1436.6876717919868 1435.7291170144924 0.6298407286205236
1436.7099867242634 1435.7291091709103 0.6187496557518193
1436.8617374558696 1436.2014469934688 0.5875399537212666
1436.8795915368626 1436.2008041480283 0.5777083382296107
1436.9019094500768 1436.1979675585753 0.5665571676567076
1436.9286914035097 1436.2100198872822 0.5505413116779159
1436.9465463164527 1436.458573482677 0.29643194587392707
1436.9688652696254 1436.458573482677 0.29643194587392707
1436.982256807926 1436.458573482677 0.29643194587392707
1438.259490026955 1438.0388273042186 0.4593861510685278
1438.2773614760656 1438.0545849579341 0.4687856885139192
1438.2997010997365 1438.050948474404 0.47805363481552565
1438.3175730484995 1438.0482672751289 0.4886288233913984
1438.339913296745 1438.0169409006305 0.5011771399036768
1438.3577857451749 1438.0169409006305 0.5011771399036768
1438.4158727363174 1438.0169409006305 0.5011771399036768
1438.429277759709 1438.0169409006305 0.5011771399036768
1438.4426829080262 1438.0169409006305 0.5011771399036768
1438.460556633445 1438.0169409006305 0.5011771399036768
1438.4739620732594 1438.0169409006305 0.5011771399036768
1438.4873676380025 1438.0169409006305 0.5011771399036768
1438.7108121104882 1438.0169409006305 0.5011771399036768
1438.7242198825074 1438.0169409006305 0.5011771399036768
1438.7420971062365 1438.0169409006305 0.5011771399036768
1438.7689133583367 1438.0169409006305 0.5011771399036768
1438.8001996175028 1438.0169409006305 0.5011771399036768
1438.8180777853338 1438.0169409006305 0.5011771399036768
1438.8404258075234 1437.9992831427905 0.8433140225437508
1438.858304475195 1437.9850949062431 0.8521061465474675
1438.885122893247 1437.9989925543102 0.8638188258466581
1438.916411679408 1437.9901906966936 0.8785534087301131
1438.9655811465996 1439.9411095640976 0.8966862547357313
1438.9834613694197 1439.9410943553712 0.9049263816277368
1439.0371033709453 1439.9579621433988 0.9260750613015707
1439.0594547950857 1439.9579621433988 0.9260750613015707
1439.2338078185605 1439.9592538934053 1.008600029565278
1439.2472204645314 1439.9601456997764 1.0165543554067336
1439.2606332354987 1439.96092035946 1.0222098057179982
1439.2829881315515 1439.9410660663066 1.0182191789824442
1439.3053433748223 1439.9410705547766 1.01673782233608
1439.3366412987448 1439.9410790791947 1.0154480899341878
1439.8375006502315 1439.9411020277505 0.9582347079338005
1439.8509189221948 1439.9410998097228 0.9519961145797977
1439.8643373192067 1439.941095866001 0.945974192659872
1439.877755841269 1439.9410954625425 0.9891550203637745
1439.9001203225985 1439.9566090031894 0.9912118100370081
1439.9180121577665 1439.9579266434039 0.9790688398049485
1439.9672158508251 1439.9586140049175 0.9816793108186173
1439.9895817216634 1439.9597368585223 0.9719787490609961
1440.0030014109152 1439.9598366354696 0.951740853572421
1440.016421225229 1439.9598366354696 0.951740853572421
1440.1103634272606 1441.0654957840286 0.938172130801368
1440.195364033688 1441.2266611460172 0.9761376331092134
1440.2132595374799 1441.1367784586023 0.9841593132622746
1440.2311552636395 1441.0412988418118 0.9888729763514359
1440.249051212164 1441.0410234737615 0.9802956524664124
1440.2714214605307 1441.0437945194362 0.9688588559406327
1440.302740391975 1441.7913555908685 0.9550080875000901
1440.3206372299983 1441.0481406716917 0.9444056733898418
1440.3519572316472 1441.0571389684453 0.5990821808668652
1440.3653802979836 1441.0571389684453 0.5990821808668652
1440.3832779143572 1441.0571389684453 0.5990821808668652
1440.6025417641913 1441.0571389684453 0.5990821808668652
1440.6204423274737 1441.0571389684453 0.5990821808668652
1440.6472935894474 1441.0571389684453 0.5990821808668652
1440.6651947088017 1441.0571389684453 0.5990821808668652
1440.7502280634105 1441.0323156958298 0.9692649127461633
1440.7726060961606 1441.015302352206 0.9793196137492908
1440.799460194263 1441.015302352206 0.9793196137492908
1440.8845014737171 1441.0199607573468 1.0203571450779436
1440.9068815920268 1441.709124809891 1.0168403206868064
1440.9337381928503 1441.568212864447 1.0127027240176378
1440.9471666809754 1441.818667172429 1.017771937914506
1441.0635521536637 1441.791934880471 0.991648046702136
1441.1351786553873 1441.5693754050458 1.0008264885085087
1441.148609020796 1441.5104877112697 1.0077195848876668
1441.1665163693692 1441.4948704695391 1.0159560464658324
1441.202331734055 1441.460390121596 1.0184456558162336
1441.220239750176 1441.4634694642148 1.0085828889745003
1441.7441476776255 1441.6157152510393 1.0121956449208525
1441.766541148142 1440.5135583999238 1.002570575659893
1441.8785137181283 1441.7299575806733 0.9375640967875729
1441.9009092756464 1441.4290425719787 0.9264128736420945
1441.9143467771253 1441.455197536897 0.920082635943718
1441.9322636405625 1441.2372022728357 0.912190759163667
1441.945701434242 1441.570462810176 0.9055956703279253
1441.9680980353307 1441.5053486944769 0.8552437030104286
1441.990494984291 1441.5053486944769 0.8552437030104286
1442.0084127939267 1441.5053486944769 0.8552437030104286
1442.0263308262072 1441.5053486944769 0.8552437030104286
1442.0890456925276 1441.763126958133 0.8245908745388969
1442.1204041485003 1441.763126958133 0.8245908745388969
1442.1428034631108 1441.1877138019959 0.8196252227971148
1442.160723165293 1441.5277993028458 0.8117923166687216
1442.1786430901439 1441.7167091016138 1.2114193115211607
1442.3309714418738 1441.939393206132 0.6379371245358971
1442.3533740270593 1441.9367790580538 0.6464087646726726
1442.3757769602066 1441.9369196083833 0.6568909374716005
1442.5057208345333 1443.2003434792362 0.7216641467712166
1442.5281261339628 1443.7590320827962 0.7310105174072425
1442.5415694806616 1443.2322127262157 0.7365723207979938
1442.5594941378097 1443.1215186925122 0.7441904967952506
1442.5729377768362 1443.0728128991152 0.7496871311704181
1442.5908628237585 1443.0986895881729 0.758262096301521
1442.6043067551188 1443.0374159720025 0.7629006472574065
1442.6177508117676 1443.0094786653956 0.7673611409765684
1442.6311949937049 1442.9993993878766 0.7720659250866289
1442.6536022420255 1442.9970803178699 0.7736129982806553
1443.178031220978 1443.0040726073173 0.7935949207939033
1443.1914806243346 1443.0035411911365 0.7118502922236392
1443.2094133571143 1443.0047115200566 0.7190425215757728
1443.231829586443 1443.0061950207664 0.7276227137870558
1443.2542461639448 1443.0085151404319 0.7361812667228139
1443.2721796766332 1443.0098873158238 0.7412795408072095
1443.290113412159 1443.0098873158238 0.7412795408072095
1443.3035638600427 1443.0098873158238 0.7412795408072095
1443.3259815517365 1443.011538035062 0.739087658560183
1443.3439159557906 1443.0073862289892 0.731963874323654
1443.357366905076 1443.0191824458016 0.7244792786582621
1443.3708179797152 1443.0081810001484 0.7201661400281035
1443.3887529408955 1442.9923806494432 0.7139678302555033
1443.4066881249341 1442.9704317876333 0.6922872993384812
1443.424623531828 1442.9704317876333 0.6922872993384812
1443.4380752332513 1442.9704317876333 0.6922872993384812
1443.4604950142007 1442.9704317876333 0.6922872993384812
1443.4784310896882 1442.97044834206 0.8328974447780686
1443.5008514974534 1442.9700691784578 0.7506408916040415
1443.527756446449 1443.4586669336568 0.7397971540219888
1443.5412091089984 1442.9785099155395 0.7335970615202212
1443.5546618969172 1442.9760213641755 0.7274569119559681
1443.5681148102065 1442.9799879771017 0.7211019331086459
1443.5860522229475 1443.4587125786215 0.713489538441399
1443.5995054287728 1442.8897923089003 0.7078207450157002
1443.6174432315684 1442.9366907122296 0.7691112560266407
1443.635381257252 1443.0657725779242 0.7661380407151743
1443.6667733385375 1443.2743237510738 0.6268523893865633
1443.6936813800971 1443.2801648115628 0.6399611686963802
1443.7161051311773 1443.279824420419 0.6489052541228884
1443.7923484900898 1443.2765963856143 0.6832889280155432
1443.8102886891018 1443.278690984552 0.6862634318498508
1443.8371994055979 1443.280141497938 0.6985329471411187
1443.855140161919 1443.2801145370981 0.7066218281646839
1443.8775664208079 1443.279799299329 0.714749391054228
1443.89102234334 1443.2790365170858 0.7177474035118802
1443.9089637684515 1443.2790365170858 0.7177474035118802
1443.922419983582 1443.2790365170858 0.7177474035118802
1443.9358763241175 1443.2790365170858 0.7177474035118802
1443.949332790057 1443.2788181121477 0.7386558261838215
1443.9672749397193 1443.2782070849648 0.7457960917771156
1443.980731698272 1443.2794441075903 0.7522224715023729
1443.9986742380859 1443.27923325777 0.7539057063901429
1444.0121312892577 1443.27923325777 0.7539057063901429
1444.0345599865684 1443.2802254788028 0.775224949542056
1444.1691394863242 1445.1458203654468 0.8364521670548983
1444.1870843672461 1445.1455814451976 0.8298380256728083
1444.2095157819645 1445.1445925209011 0.8177356634359029
1444.236433939526 1445.143833956095 0.804597536681096
1444.2588661207524 1445.1439335747386 0.7951022949797506
1444.4787199360512 nan 0.9332933321651494
1444.6223160024751 nan 0.871646641920691
1444.6357788655494 nan 0.8609193242743024
1444.653729544814 nan 0.8609193242743024
1444.6671927006405 nan 0.8552788802323692
1444.6986072188301 nan 0.8410245482369301
1444.7120707928848 nan 0.834517582923228
1444.7300224201338 nan 0.8277195521369645
1444.7434862869557 nan 0.8114518072520938
1444.7659263438247 nan 0.8114518072520938
1444.7928548721443 nan 0.8092371449595108
1444.8152956958133 nan 0.8003741156400075
1444.8422251443124 nan 0.7895645283166759
1444.8646667348137 nan 0.7809517372607839
1444.9364821668141 nan 0.7506820859503313
1444.9544365825423 nan 0.7421976184499878
1444.9723912213703 nan 0.7333290417713976
1445.021767628507 nan 0.7133451253876467
1445.0397231039735 nan 0.7067798562882303
1445.0576788025473 nan 0.6412820564499597
1445.0711457228963 nan 0.6412820564499597
1445.0935908690367 nan 0.6412820564499597
1445.1339930106262 1445.6532524184627 1.2688989129117487
1445.1474606421698 1445.6573030031775 1.2773561506963542
1445.327041056277 1445.6569181302043 1.3064459860932514
1446.1129677856284 1445.666164076891 1.3580061658505234
1446.126444540528 1445.666164076891 1.3580061658505234
1446.144413742431 1445.6620576641862 1.3514837611239212
1446.3331038434942 1446.1644689587517 0.6274033495576431
1446.3555685906342 1446.1644689587517 0.6274033495576431
1446.3690476064023 1446.1644689587517 0.6274033495576431
1446.3870198228267 1446.1644689587517 0.6274033495576431
1446.400499131698 1446.1644689587517 0.6274033495576431
1446.4229649256358 1446.1657519944772 0.69162835976476
1446.4364445694873 1446.165927970988 0.6976738771559445
1446.46340423406 1446.1655780415124 0.7041344233454176
1446.481377622939 1446.1655780415124 0.7041344233454176
1446.4993512351475 1446.1639468485746 0.727254601001107
1446.5667542700392 1446.1628629505851 0.741722568669472
1446.580235253909 1446.1627871373794 0.7990491812291078
1446.598210094498 1446.162896643519 0.7779745086741072
1446.6161851584375 1446.1627334362972 0.7867277513181281
1446.6386543024553 1446.1627833912942 0.7970708323628763
1446.6746056587963 1446.163700352401 0.8121050133148757
1446.6970757102108 1446.1649469093918 0.8210763720095771
1446.7105579085849 1446.1668576302852 0.8259092354934878
1446.7240402326036 1446.167345545176 0.8318485468065725
1446.746511051849 1446.170323179086 0.8408829912678106
1446.7644879585387 1446.1721531972264 0.8478374027060027
1446.7779707851473 1446.1720727254642 0.8529590712244484
1446.7914537374068 1446.1719482273832 0.8589165449141001
1446.8049368153174 1446.1718133198735 0.8648662001212399
1446.8184200188812 1446.1720125537506 0.8711564415505182
1447.0206831514643 nan 0.9480344665406281
1447.0476537054722 -1.369028942707575 0.9582057677341024
1447.0656343540845 -7964.134015568713 0.9661555188516214
1447.24095738725 1447.8836997187148 0.8645047811797362
1447.2589404378052 1447.8836997187148 0.8645047811797362
1447.272427872363 1447.8836997187148 0.8645047811797362
1447.2904113139653 1447.8836997187148 0.8645047811797362
1447.3128909302015 1447.8832736688737 0.9106936787036338
1447.4252942488708 1447.8852031324166 0.9064534823763123
1447.438783233729 1447.8854145852458 0.9059784949026742
1447.4837474244855 1447.8862979675598 0.9043110305614981
1447.497236954086 1447.8861530776467 0.9050748550313883
1447.5107266093996 1447.8868052196947 0.9038176954132084
1447.5781767717024 1447.8880263984504 0.9026890980190831
1447.605157716655 1447.888547161674 0.9015539717395754
1447.6186483777142 1447.8884757364972 0.9016592850605142
1447.6366361213618 1447.8883854667165 0.9017808273883603
1447.6501270757776 1447.8878246127986 0.9029041995323711
1447.6636181559195 1447.887543704158 0.899573576957218
1447.6771093617888 1447.8876503861413 0.8932202899202546
1447.6995949843026 1447.8875335029732 0.8834241943646175
1447.7175837337725 1447.88668569858 0.9093883814826745
1447.731075442563 1447.8866724747695 0.9094102854988044
1447.7490645832013 1447.886758542759 0.9031866479703834
1447.762556585371 1447.8869410109648 0.8965984900377728
1447.7850435350688 1447.8870519190573 0.8861598461874949
1447.7985358725373 1447.8872964317757 0.8794547286612535
1447.8165258514216 1447.8871794884874 0.9186170415391349
1447.8345160538452 1447.8875666233293 0.8403080568017336
1447.8525064798132 1447.8878088945326 0.8479564665067111
1447.8749948266286 1447.887834271941 0.8579887651136452
1447.8884880023795 1447.8879678783335 0.8637671131730469
1447.9064790989894 1447.8882472090584 0.8712319842845825
1447.9289682841188 1447.8882091401538 0.8753517041651084
1447.9469598837236 1447.8882091401538 0.8753517041651084
1447.9604537301382 1447.8882091401538 0.8753517041651084
1447.978445720976 1447.8877375233924 0.9109068871045802
1447.9964379353748 1447.888203596163 0.9181236380040627
1448.00993224289 1447.888250707029 0.9201621741078438
1448.023426676163 1447.889220494971 0.9180685761406333
1448.0639107305376 1447.8907122504374 0.9161531142856388
1448.077405666852 1447.8910321119417 0.8278450312612268
1448.0998975068483 1447.891025509212 0.8377459233321336
1448.113392778534 1447.8910279020838 0.8436875458775697
1448.140383699206 1447.8934304071463 0.852822708466586
1448.1628765173932 1447.8931418545756 0.8610899402049518
1448.3068388269344 1448.1275251841535 0.8886490335501669
1448.3248351218629 1448.2197078698493 0.8233024810157081
1448.360828382578 1448.7239544625388 0.8361939382020873
1448.3743260859558 1448.724080305942 0.8407223067704163
1448.396822537785 1448.7241578207136 0.8492705581691838
1448.410320576603 1448.7242163977137 0.8543105335171672
1448.4373170316169 1448.7242779802066 0.8557114648113112
1448.4598144618317 1448.724511835181 0.8435533188771066
1448.4868118393458 1449.4837270777814 0.8545056618286142
1448.5093100383274 1449.3212836354087 0.8440049175041768
1448.536308338374 1449.4837196926992 0.8087266182487509
1448.5543074846328 1449.5169205341688 0.8308754460649098
1448.5768067319675 1449.3216827690487 0.8438289943917453
1448.594806381452 1449.3226407298212 0.837929743353526
1448.6083062653402 1449.3229631395523 0.831710460928001
1448.6218062750374 1449.3233334936403 0.8254189856451842
