line_measurements.ecsv
# %ECSV 1.0
# ---
# datatype:
# - {name: center_guess_nm, datatype: float64}
# - {name: fit_center_nm, datatype: float64}
# - {name: EW_nm, datatype: float64}
# schema: astropy-2.0
center_guess_nm fit_center_nm EW_nm
[from data line 4546]
1269.87193146857 1269.2877362407605 0.3484670695985206
1269.9153244869283 1269.2877905364992 0.3503710558760472
1269.9271592038226 1269.2878065966672 0.3477544378853168
1269.9626640162573 1269.2878075804454 0.354028950072858
1269.9902795566466 1269.2878222011327 0.3545567107879454
1270.0178956975428 1271.0137831450895 0.3497219736479578
1270.0455124389541 1271.0127740168643 0.34972956311423553
1270.0889113887783 1271.0127736165402 0.34196787652319577
1270.108638674397 1271.0127746395508 0.343253761840535
1270.1204751928437 1271.0127749189003 0.34312492839471953
1270.1362573890287 1271.01277120104 0.3446956321295885
1270.1638767042336 1271.160507468385 0.3443581304581945
1270.1757137374595 1271.0127711605928 0.3446892152980573
1270.227008822847 1271.0127595004471 0.34807305179558196
1270.2901440793712 1271.0127542876453 0.34971049619084427
1270.3177667408668 1271.0127494389349 0.3521062196850839
1270.353282473965 1271.0127433401442 0.3548742044308844
1270.3651212723194 1271.0127421161776 0.35524124218286235
1270.3769601810031 1271.012746470633 0.35372701198286116
1270.3887992000175 1271.01274197338 0.35493178177925816
1270.4479959500784 1271.0127444515044 0.35255600169514567
1270.4637822159534 1271.012740680852 0.3539315415982946
1270.475622044088 1271.0127405181665 0.35387207047550895
1270.511142190528 1270.9560301786346 0.35763905347835345
1270.5269292410426 1271.0127316204666 0.356830141691143
1270.558503930574 1270.9728078304336 0.3590757515466224
1270.5821854626668 1270.948875225939 0.35976159294537646
1270.5940263942362 1270.948840507489 0.3598185709895854
1270.6453383728635 1270.9536868653424 0.3567172900089955
1270.6571798929733 1270.951404834585 0.3574358242404299
1270.6729687581153 1270.9536754578974 0.3563005997261395
1270.6966524236836 1270.9568359293698 0.3553993949734856
1270.7242839247679 1270.958265835631 0.35388453260793806
1270.7598110233341 1270.9497081234672 0.3607483022219251
1270.7756011637446 1270.949920043639 0.3604800254463602
1270.8545548089155 1270.9481936385196 0.3612371381826065
1270.874293986665 1270.9481978489857 0.36101480021421767
1270.9137732619504 1270.9474588529254 0.36234091839628874
1270.9572018812714 1270.9492644143852 0.36102648683009486
1270.9808908445698 1270.9474904802312 0.3618089653806067
1271.0322184464228 1270.9503984756204 0.36018035258345626
1271.0598572444437 1270.9516681767595 0.3591843971895915
1271.0835481211022 1270.9464134806362 0.3627160141598319
1271.0953937250185 1270.9473801513145 0.362083995217264
1271.1072394393275 1270.9487334735886 0.36124099304894985
1271.1230338967957 1270.9503315794868 0.3604619900139874
1271.1388285505245 1270.948046414288 0.36153859054789067
1271.1506746696155 1270.94761824554 0.3621175062106734
1271.182264860247 1270.9495219641376 0.3610424222003256
1271.194111384134 1270.9486589842907 0.3614857216303716
1271.205958018422 1270.9486784851065 0.36158628063274967
1271.2296516182062 1270.9492453783332 0.36127725883577855
1271.2572947094427 1270.9498442052156 0.3610240880171
1271.2730910314624 1271.012727364166 0.35971917334332115
1271.2849384017852 1270.9529774051564 0.35985597131311353
1271.2967858825173 1271.0127273535184 0.3596558148662332
1271.3086334736595 1270.950598068087 0.3607722470471354
1271.3402275898275 1270.9488967706525 0.36163378818351755
1271.3599743111504 1270.948238214677 0.3619069613110687
1271.383670781595 1270.9485856882045 0.3614762903161165
1271.4350146494112 1270.9449218057237 0.36366755383810573
1271.4626622062992 1270.9444820157062 0.3637660853854625
1271.4824108293021 1270.9450172328245 0.36334335511677884
1271.4982099485555 1270.9439966780035 0.36421607720458676
1271.510059416828 1270.9435849289432 0.36464767560179046
1271.5337586846604 1270.9460843528109 0.3624664998498211
1271.5614083887535 1272.5517566428841 0.35648231327800795
1271.5772084896105 1272.5521939274136 0.3538851793530048
1271.616709600697 1272.552188294054 0.35297976890734917
1271.6522616498332 1272.552181543324 0.3518650442787231
1271.6641125537592 1272.5521741453067 0.35081091944230725
1271.6759635681249 1272.5521714285596 0.3504543094564814
1271.695715504169 1273.271110193588 0.3508117656199351
1271.7154677470041 1273.3785272523248 0.34870542180142955
1271.7431214023898 1272.782927656573 0.3483825846816618
1271.7628743815435 1272.5521614549707 0.3500164481210145
1271.7747263163023 1272.5521646651346 0.3493060337788708
1271.7865783615102 1272.552163517487 0.3491219143558189
1271.7984305171735 1272.5521715944433 0.3503833382225051
1271.8221351598625 1272.5521691219908 0.34991401780778353
1271.8379385004469 1272.5521732185393 0.350443982319789
1271.8695457707179 1272.5521674219099 0.3495647257457509
1271.8932517389012 1272.5521686707852 0.349018845040486
1271.9051048886852 1272.5521693199582 0.3489999791547941
1271.9169581489323 1272.5521696335904 0.34904800405187064
1271.9327626677607 1272.552171988307 0.34938263020939103
1271.9683235531552 1272.8089030752271 0.34693169394479706
1271.9999340637128 1272.8501201711144 0.3452766514460651
1272.0631574415643 1272.8595607829564 0.3493342598254774
1272.1303357237257 1272.7408173914068 0.3480526371584377
1272.1579984004843 1272.6587086069837 0.34873366171366627
1272.1856616787693 1272.699233422572 0.34807141617663967
1272.2093735389356 1272.743704480636 0.3454408776562525
1272.2291337600118 1272.7412251677124 0.34452066292553507
1272.30422539926 1272.7975552119924 0.3426831948644723
1272.3397966700625 1272.8831178993792 0.3410979588714739
1272.3556064429781 1272.9548695042515 0.3396646461738348
1272.3753689353741 1273.9217092163246 0.336897818941037
1272.3872265781513 1274.0101101594323 0.3361035633397573
1272.399084331433 1274.057420441883 0.3352525510988531
1272.4148948410423 1273.7427872472392 0.3349246536571145
1272.4465164496298 1273.9931969436354 0.332617277486539
1272.4979032396643 1273.286209481817 0.33060476591047594
1272.5137149771722 1273.2190296036717 0.32987688745354105
1272.59277661184 1272.9531175532443 0.32610485593594973
1272.628355950003 1272.9530337469084 0.3253119884632439
1272.6837035643375 1272.9528757035914 0.3238779543891047
1272.72719266426 1273.1184087132494 0.3183731977779667
1272.7430072508578 1272.9525413433282 0.31745628783465407
1272.794406014449 1273.59384794299 0.3131821956908696
1272.8774391712047 1273.1367559255698 0.3147087623978076
1272.8932556247278 1273.1664157030511 0.3132047939101198
1272.9090722747844 1273.1584865846899 0.3132971750507942
1272.9565234041615 1272.952282765346 0.3146333705686896
1273.0395671369502 1273.3680113728074 0.31207810276283937
1273.0514309695868 1273.1713629225537 0.31261345704872756
1273.0712042696773 1273.1790760130737 0.31222701393931196
1273.0870231308763 1273.2057786503278 0.31133208960696057
1273.114706610952 1273.1674244591509 0.3134304255942786
1273.134480893853 1272.9521763037915 0.3140847553036989
1273.154255483892 1272.9521723095247 0.314206491345878
1273.185895466811 1273.124161314348 0.31422340503109464
1273.2096259700138 1273.1225698281 0.31452022609654784
1273.276864797746 1273.2790993679632 0.3156786961449205
1273.3005969964968 1273.2677811758958 0.31607369973985844
1273.3203741666832 1273.3144764489716 0.3152107898177349
1273.3322406162438 1272.754444253211 0.3152838828646858
1273.3876188430822 1272.693726516378 0.3104387920067967
1273.4509111943014 1272.551964751055 0.31006390187585225
1273.4667347736427 1272.5519623829048 0.3095612693816069
1273.5062945822147 1272.5519418029269 0.30409529198644647
1273.5221188497385 1272.551945671699 0.30463300194488635
1273.553767974669 1273.8180749788178 0.30791579496282256
1273.5933304868975 1274.4833325977072 0.30881998096487245
1273.62102497671 1274.123880905467 0.31100116819630275
1273.6368506698423 1274.0487213525996 0.30998266234903515
1273.6645461060057 1274.8885909811872 0.3120916221105417
1273.708068722472 1290.7134004323564 0.3124409130823367
1273.7238954971879 1274.6600351763539 0.3142578590246131
1273.7555496366033 1293.365037966658 0.31133714898255793
1273.8188602754237 1274.0975019492932 0.30583424839192486
1273.86634531961 1274.0715110465544 0.3029467131456821
1273.913832133927 1274.080512599189 0.3042904124050427
1273.9257041140977 1274.0906537666795 0.30510091008696116
1273.953405831428 1274.2883159853595 0.30773306998941385
1273.9731931411773 1274.1238808186238 0.30834598771256194
1274.1077549984013 1274.0712520007773 0.3013249514990519
1274.1315026838479 1274.0754337329988 0.3001206269820761
1274.1433766925552 1274.0753081682492 0.29714117554277975
1274.1592088762977 1274.0933589490364 0.2971993714678118
1274.1908738339685 1274.1005240065356 0.299694251845398
1274.2423310685565 1274.090715261854 0.29959728998345314
1274.2621228659555 1274.090580762763 0.3001495191964781
1274.285873428615 1274.1432252697998 0.2954495650831391
1274.3294172765648 1274.123318158525 0.2737328934598733
1274.3412931296966 1274.1342072416303 0.27254347092541326
1274.3690038840734 1274.122805131405 0.27224024811868497
1274.388797648981 1274.110211884798 0.27251553404454953
1274.4085917213292 1274.09172847983 0.27335955888363
1274.4283861011204 1274.0775074276974 0.2738428758928056
1274.5194442082052 1274.100168811707 0.27180829338787155
1274.5471588365053 1274.1572443918828 0.2683979384702887
1274.5748740674649 1274.1480685022782 0.269159098364189
1274.5867522080812 1274.1452578482945 0.26921502238956724
1274.606549355101 1274.152637638557 0.26790348462453095
1274.618427790909 1274.1285704026145 0.2677423961441887
1274.6501041609245 1274.184326970865 0.2654557857348876
1274.6619830026325 1274.1759695511143 0.26599145992065054
1274.6738619550429 1274.195632177913 0.26551305404866504
1274.6936604550694 1274.193474534457 0.2652271207684427
1274.7174190610197 1274.1561806983116 0.26790834432835914
1274.7728575303622 1274.1104829232586 0.2697165735731817
1274.8599799964172 1274.205154080008 0.26312182585611466
1274.8916623694058 1274.2259835493624 0.26134779444196277
1274.9273059801585 1274.277247598513 0.2627610197998323
1274.9787929550016 1274.340286666568 0.2582859568483125
1275.0065175719137 1274.3140821133902 0.25582589555518076
1275.0183997351437 1274.3189540792637 0.25501849062204107
1275.0500860451243 1274.2935238135483 0.2541214665185525
1275.061968614382 1274.2662073381641 0.25414016577622056
1275.0936560071184 1274.1136994745423 0.25274999888999217
1275.1293052652395 1274.3887766086511 0.24111074854517264
1275.1530719910334 1274.4661395842804 0.23631277429577602
1275.1689167209947 1274.4985822635972 0.23540669059740038
1275.1887229103152 1274.4807332402036 0.2362707435259316
1275.2243748263306 1274.5031132507875 0.23506361308862517
1275.2521047834596 1274.5105315852904 0.23560581502662867
1275.390763614254 1274.548173205615 0.23080861606043948
1275.418497189536 1274.6452790184187 0.22710307656000345
1275.4581176289398 1276.4552581333155 0.19975888514308518
1275.493777076733 1276.4562653251828 0.1844133783927986
1275.5650989632609 1276.456260327954 0.18243869722692196
1275.5769863320763 1276.4562627831415 0.18146962973508848
1275.6483128714256 1276.4562660323334 0.18130057285947154
1275.6641637551252 1276.456268330009 0.17993287809902822
1275.6760520471548 1276.4562700842432 0.17894580989393688
1275.7117175879907 1276.456270751329 0.17907016788380087
1275.7434211280633 1276.4562719262292 0.17871808150331453
1275.8068305718814 1276.456274076871 0.17724823033318132
1275.846463074729 1276.4562641362968 0.18297393367563325
1275.8979871690358 1276.456267175934 0.18056368815932458
1275.913841155128 1276.456269349065 0.17892525784701577
1275.9574406326506 1276.4562778132095 0.1735710905493677
1275.9891502793462 1276.4562744084417 0.17543480385903876
1276.0327523302701 1276.45626704736 0.18062327753028082
1276.1714960412846 1276.4562705511635 0.17754221538358828
1276.2428558238776 1276.4562785941996 0.17273340807933668
1276.25474950891 1276.456279639283 0.17228144513019886
1276.2864665442214 1276.4562711150093 0.1776382122979775
1276.3102548379732 1276.456246093384 0.19536831284363132
1276.3380084077357 1276.4562425799754 0.19689946428571556
1276.3578327556318 1276.4562446199882 0.19558054677617293
1276.4847158738112 1276.4562516338813 0.1890621582527115
1276.5243694349335 1276.4562528493157 0.18813319092603736
1276.5521276606523 1276.4562525397932 0.18807224875789494
1276.571955334293 1276.4562553441003 0.18622826678649015
1276.6314402030375 1276.456250862951 0.188929516756225
1276.6552349266426 1276.4562509268437 0.18884437241909813
1276.6710983221012 1276.4562557953634 0.18598236780522368
1276.706791682589 1276.4562535641307 0.18737999572773528
1276.742486040997 1276.456280490538 0.16713122632303512
1276.770249009696 1276.4562857571905 0.16366618083741688
1276.817844074882 1276.4562857595565 0.16368151656550167
1276.8575079845182 1276.4562815196227 0.16614104384600814
1276.8773404013898 1276.4562822164949 0.1655265692142424
1276.9566731493314 1276.4562854575977 0.16327684828187877
1276.9923744939626 1276.4562852695938 0.1636581174238979
1277.0042751639814 1276.4562815906386 0.16620125568091915
1277.020142896526 1276.4562816199011 0.1666111119003868
1277.1034517272408 1276.4562798768477 0.16738925205546984
1277.162961362308 1276.4562666528743 0.17542178188552215
1277.2740534338245 1278.2691509831118 0.1468000881560655
1277.2899245185658 1278.2743532467493 0.11641852222582533
1277.3256351802884 1278.2745362022397 0.10919393069501554
1277.3970594989737 1278.274536173227 0.10904747377373203
1277.412932112157 1278.2745362995083 0.10942634573252862
1277.5042034655198 1278.2745456306372 0.14602396933305312
1277.5399201180826 1278.2745451727062 0.14474602641490744
1277.563731774553 1278.2745449047675 0.14390116497534172
1277.5796064587666 1278.2745445309633 0.14297325034004477
1277.5954813402325 1278.2745444420225 0.1420457200738839
1277.6867657367634 1278.2745418101797 0.13379586145214467
1277.7066110338394 1278.2745418777545 0.13397824479938564
1277.7661487745313 1278.27454096954 0.13090562592187988
1277.825689289524 1278.2745419109901 0.13387971959149764
1277.8772933133846 1278.2745419143323 0.13334399915116738
1277.8892022302239 1278.2745417127567 0.13271278422427174
1277.976537678249 1278.2745420866406 0.13351897898032125
1277.992417491882 1278.274542061135 0.13289534275238382
1278.0678493013152 1278.2745410389427 0.13043451771827774
1278.1115223838337 1278.2745416417424 0.13107612591441467
1278.1432855630105 1278.2745422531896 0.133965270927788
1278.1710789923209 1278.274541946428 0.13319217245465237
1278.3259391625506 1278.2745422398173 0.13381534769274545
1278.3616787893247 1278.2745428989447 0.1350292570913258
1278.4093331793613 1278.274542570036 0.13389245021149057
1278.5801093319574 1278.2745418038396 0.13222240401267082
1278.6873525289247 1278.2745421691502 0.1324937862760877
1278.7707701232216 1278.2745462983905 0.14803688651343286
1278.7946047211103 1278.2745468503892 0.1490509092005316
1278.806522186646 1278.2745469367485 0.14906157861755023
1278.8383026377169 1278.2745458744937 0.14598735182763278
1278.858165820701 1278.2745450828863 0.14404276587179218
1278.9336487297824 1278.2745446836675 0.14247740398635375
1278.9773513976866 1278.274545146442 0.14343666729798948
1279.0131092367408 1278.274545551107 0.1444982497562417
1279.0329751348577 1278.274545255575 0.14386648407737526
1279.0647612136577 1278.2745460567876 0.1467681403330785
1279.0925746806001 1278.2745465970734 0.14703638966472338
1279.1323092539646 1278.2745472761237 0.1494364131677824
1279.2594681836945 1278.2738097874426 0.1349633661185712
1279.2753639386979 1278.2780215098187 0.1665723832394865
1279.287285884571 1280.352329700065 0.18718639022298653
1279.32305238882 1280.1716103284546 0.196960940731579
1279.3548456765154 1280.1716103508445 0.19715047306182656
1279.442281291775 1280.1716099661696 0.20157119282115457
1279.613195430617 1280.171609388117 0.20679619944121075
1279.6648716415607 1280.1716086782624 0.21551489704459234
1279.7284759968284 1280.7158280027913 0.15891474551454363
1279.7761813379257 1280.7158151151762 0.1586854231666493
