line_measurements.ecsv
# %ECSV 1.0
# ---
# datatype:
# - {name: center_guess_nm, datatype: float64}
# - {name: fit_center_nm, datatype: float64}
# - {name: EW_nm, datatype: float64}
# schema: astropy-2.0
center_guess_nm fit_center_nm EW_nm
[from data line 10769]
1829.6394521297302 1829.528753348483 1.4100274590639499
1829.6735541921494 1829.5286214216624 1.4023285074792797
1829.7019730630368 1829.5286517801558 1.401696580331976
1829.7360762907635 1829.5285255706222 1.3945146711313918
1829.7531281429906 1829.5286330295748 1.4010295095056144
1829.7701801541293 1829.5286609194534 1.4023323377937866
1829.7872323241809 1829.5287493430963 1.40780981961484
1829.8042846531462 1829.5288336157487 1.413137965860121
1829.8213371410275 1829.529013116116 1.4248299791196914
1829.838389787826 1829.5290604062811 1.4282173979883697
1829.8724955581802 1829.5289917840203 1.4234476971242775
1829.9009175190702 1829.528725934064 1.407641489292534
1829.9236554056274 1829.5286242264879 1.403332216139056
1829.9463935747203 1829.528480670334 1.3966235804638365
1829.97481668341 1829.5285053114922 1.398124950254649
1829.9918707605295 1829.5286516588435 1.4057318592467056
1830.008924996581 1829.5287482453496 1.410679323829263
1830.0487188321113 1829.5291595497752 1.4237896241438621
1830.0885135329645 1829.5286735529498 1.417532744044318
1830.1055686696586 1829.5285998060178 1.416266218142419
1830.1396794198743 1829.5286020559654 1.415812962159967
1830.16810553072 1829.5281226377874 1.4060440126665412
1830.1851614091556 1829.5280052911728 1.4033414003210036
1830.207902827656 1829.5272780934838 1.4062809838799062
1830.224959076974 1829.526665053314 1.4052530502095402
1830.2477009899903 1829.530926285142 1.4106294771825851
1830.2761287786493 1829.5366586533266 1.4165372736715998
1830.3045570088507 1829.511004649908 1.4105055179711845
1830.3386714679461 1829.3731762001235 1.4093363742283276
1830.3671006695774 1830.6104517503625 1.424653049739444
1830.3898443488092 1830.6214619785965 1.4243544733031306
1830.4182743452682 1830.6467894274751 1.4280852210432338
1830.458077082165 1830.6388781050446 1.4336543666639896
1830.4751356629313 1830.4079668005406 1.4387788115849576
1830.4978806845786 1830.3983252567393 1.4424841651076847
1830.5149396362863 1830.4008228911416 1.4413462272185513
1830.5490580166363 1830.390243634154 1.457126858027506
1830.577490486035 1830.3876536959995 1.4522861929546145
1830.6229833556395 1830.3896728403806 1.4674294361482705
1830.6457302144086 1830.9157645922094 1.4753927454635523
1830.6741641853364 1830.9157183596653 1.4812026874927
1830.6912247798823 1830.9156581711677 1.4887975949135002
1830.7139724866022 1830.915691514663 1.4843106025108734
1830.7367204759753 1830.915758774533 1.4775154214000739
1830.7537816535018 1830.9157382170974 1.4796988389349548
1830.7708429900272 1830.9157429543352 1.4796429909536866
1830.7879044855515 1830.915705042962 1.4847829798104484
1830.810653393585 1830.9156828924683 1.4870702801137057
1830.839089926138 1830.9156835337592 1.4863740013562463
1830.8561520576761 1830.9157000398714 1.4853522256889136
1830.8732143482207 1830.9157235004766 1.4828094420682256
1830.9016518524797 1830.915724135888 1.482440819691102
1830.9187145670508 1830.9156934483983 1.486437525936426
1830.9357774406344 1830.9156699461284 1.4894807786490816
1830.9642159166401 1830.9156228515676 1.493828959794484
1830.9812792142643 1830.9156469603377 1.4907853964412519
1831.009718397009 1830.9156827530398 1.4868877781525214
1831.0324700612503 1830.9157028012312 1.4847429294402876
1831.049533994951 1830.915678166369 1.4871988240329783
1831.0722861539302 1830.9156396553617 1.4913595128548194
1831.112103112418 1830.9156089707005 1.4950062963850996
1831.1348560488618 1830.9156666494364 1.488428719731734
1831.1632976169979 1830.9157280741413 1.4805815333743546
1831.1803627699235 1830.9157191096974 1.4816617125493163
1831.1974280818838 1830.915683162202 1.4851353557184623
1831.2258706218981 1830.9156377761453 1.4916746198696431
1831.24293635796 1830.915622717692 1.4936288231795751
1831.2713796048217 1830.9156449442798 1.4911933240636297
1831.2884457649955 1830.9156256849592 1.4935738418747264
1831.3168897187188 1830.9156463211514 1.4910875517266158
1831.3396451997894 1830.9156224787175 1.4939390907746173
1831.35671199615 1830.915540913521 1.5034958078865155
1831.379467972042 1830.9154952182596 1.507760998754191
1831.402224230694 1830.9155018462868 1.5061530926450968
1831.424980772113 1830.9155153801798 1.5043953230476381
1831.4477375962956 1830.9154955722029 1.507202621662642
1831.4648054000015 1830.9154900356868 1.5076249870927012
1831.4989414845943 1830.9153400473688 1.523989865580109
1831.5160097654843 1830.915346621584 1.5231060605004982
1831.5330782054389 1830.915321742685 1.5252638085243924
1831.5615259588405 1830.977561670954 1.5339124212660868
1831.5956638461769 1831.239126614918 1.5394689674186606
1831.6127330284512 1830.9972256315434 1.547209583972052
1831.6298023697982 1831.285277831257 1.551574342443725
1831.6468718702195 1831.2376371762973 1.5517635797440565
1831.675321391092 1831.2542943035905 1.5551567490465539
1831.7037713538448 1830.9136775631846 1.5473500571516368
1831.7208415436048 1830.8460293904766 1.5491453468602914
1831.7436020440823 1830.9159804073336 1.5560443244543603
1831.7720530673844 1831.0233510374694 1.567589766418571
1831.7948142042035 1830.8869700008713 1.5704269817352863
1831.8346468741784 1830.2754182239337 1.5733947277041223
1831.8517182836065 1830.3366459703004 1.5794560025654216
1831.8744804103214 1829.7785377568875 1.5828573859461192
1831.8915521909698 1830.2235433568803 1.5904654996883312
1831.914314812651 1831.013421749751 1.606766967235627
1831.9370777171785 1831.3495390513212 1.6206223367648787
1831.9598409045484 1831.4629148063475 1.6283788557248422
1831.9826043747678 1831.4080740504353 1.6277481981016086
1832.011059110307 1831.3992852751908 1.6302609426063075
1832.0395142878083 1831.4246413480828 1.6374253330482365
1832.0622787480327 1831.3972280315902 1.6387895541460684
1832.0907347210875 1831.3898204365894 1.6391510529755144
1832.1248824721763 1831.3663549538298 1.6391944909413618
1832.1419565863955 1831.5450515198 1.6484730020332732
1832.164722319542 1831.6573931430992 1.660716056993359
1832.1874883355663 1831.6874939545578 1.6706901620687011
1832.2159462534025 1831.669376509247 1.671701018291574
1832.2330212162724 1831.7233853672838 1.6815253893066482
1832.2500963382688 1831.7114257610788 1.6814038752447442
1832.278555228549 1831.7271565822202 1.6899424622667771
1832.3070145608592 1831.7199267924084 1.6977761480347815
1832.329782344971 1831.7231365971634 1.6995938679100022
1832.3582424729473 1831.6875188935956 1.7017060636633377
1832.375318761918 1831.7775855438613 1.7066468963494072
1832.4151640550608 1831.7483178550274 1.7034600785656626
1832.4436255092037 1831.7870271077813 1.7088736072280382
1832.460702593884 1831.84412641664 1.7128139875245183
1832.489164755345 1831.8574406805121 1.7139367353901658
1832.5119348028086 1831.8575941907811 1.7089272446690105
1832.5403977600188 1831.8218995640923 1.7033927239453273
1832.5688611593182 1831.9030149000885 1.7124997383069043
1832.5859394111062 1831.9301664448217 1.7172619925493153
1832.6144035177713 1831.9094757521386 1.7213202959512937
1832.6428680665435 1831.8850204529842 1.7188454006759066
1832.6656400238894 1831.8651745801346 1.7120602362990782
1832.6884122641902 1831.690069721795 1.7048034187883094
1832.7111847874535 1831.767795711705 1.7058658885527576
1832.7282643655976 1831.9779543986576 1.7108685680877909
1832.7624239993966 1832.029104291064 1.7072412067678813
1832.7795040550543 1832.01927662888 1.7018898408101415
1832.7965842698861 1832.0001153184087 1.698083332934369
1832.8307451770775 1832.0453722131897 1.704035629753141
1832.8478258694406 1832.0769929834635 1.7067215937976465
1832.876294043781 1832.099331745596 1.707792921609271
1832.8990689016155 1832.1044052857824 1.7090290649915414
1832.9218440424447 1832.1118058315956 1.704259713600623
1832.9503133664507 1833.8343750575125 1.6955253859678785
1832.9787831326444 1833.8181680755386 1.6910324252382143
1833.0072533410398 1833.8054469628394 1.6962524068542113
1833.030029826142 1833.7744218260789 1.7018530230736761
1833.0471123756975 1833.794198673654 1.696719038092393
1833.0641950844504 1833.800319694222 1.6965078413679622
1833.0926666194823 1833.7788832062477 1.698582062032075
1833.1097497527687 1833.7623915299416 1.7060215908107375
1833.1268330452579 1834.22777501321 1.72097865009982
1833.1496110162268 1834.1326255212634 1.741287979643698
1833.1723892702291 1833.7348674339084 1.7473665707467778
1833.1951678072721 1833.7357931463716 1.744627497144413
1833.2179466273515 1834.745093123138 1.7492914493992635
1833.2350309281592 1834.128411887964 1.7512335549508742
1833.2692000074173 1834.1284574197389 1.7615892358724665
1833.2919797474024 1834.1284651931876 1.7634061115818793
1833.3090647381468 1834.6440020631333 1.7669107914470588
1833.3375400765453 1834.5740697685121 1.7642855318014083
1833.3546254918797 1833.7313993469388 1.7613176601100595
1833.383101537934 1834.334423787334 1.758413759329036
1833.4058826932342 1834.5263313996645 1.7642328298201198
1833.4343595354253 1834.4251847364362 1.7702063424722652
1833.4628368199287 1833.7286399154632 1.771156547948546
1833.4856189659956 1834.1284879266118 1.7674516178116124
1833.5140970466714 1833.7297277614903 1.7671700453341455
1833.5311841073926 1833.7286646770906 1.770913979924805
1833.5596628957915 1833.7283259518767 1.7722424381069697
1833.5767503811544 1833.7277861995235 1.7741667385555795
1833.5995339426827 1833.728241689382 1.7723176115547057
1833.6280137927092 1833.7303124962293 1.7645501168346414
1833.6451019150547 1833.7297393660604 1.7665928547030914
1833.662190196649 1833.7287839502621 1.7701958161801292
1833.690671019866 1833.7255050467388 1.7823328953007733
1833.7248485916534 1833.7226848512566 1.7924427654031352
1833.7533303880894 1833.723011110118 1.7909000536511042
1833.7818126269146 1833.7226680910203 1.7905619049855277
1833.8102953081282 1833.7214460497141 1.7946104029576304
1833.83308177163 1833.7194650549263 1.8010385847402501
1833.8558685182675 1833.7203350249388 1.7982231721074848
1833.878655548047 1833.7212943914433 1.795517889930385
1833.918533531484 1833.7204585318177 1.7980025958740624
1833.9470183362787 1833.7204357719797 1.7982079708265282
1833.9755035835055 1833.720794536362 1.798069973499204
1833.9925949442109 1833.7207902371963 1.7982890118155388
1834.0210808993393 1833.7193783225816 1.804104216220999
1834.0381726847932 1833.7197780521412 1.802260188428459
1834.0780541369597 1833.7206965827766 1.804710963354205
1834.0951464533603 1833.722082550388 1.8007707207314956
1834.1236340013438 1833.723025244252 1.8076433891278514
1834.1407267425202 1833.7225029741353 1.8122443892796414
1834.1578196429896 1833.7225825432943 1.8085030420346107
1834.1977036968942 1833.7199255524797 1.806377839851159
1834.214797128348 1833.722103166479 1.8098936236245349
1834.2546824212375 1833.7237597378341 1.8099916966198601
1834.2774744065816 1833.7182350406065 1.799897969565241
1834.305964786517 1833.7092898315657 1.7930257062189865
1834.3344556089748 1833.7146947997928 1.789189578378075
1834.3515503148606 1833.7135033794868 1.7900805927146561
1834.3800418453586 1833.7224264915235 1.7950912030040185
1834.397136976076 1833.7339063522452 1.8030561029519072
1834.425629214639 1833.7440837302481 1.811856179825865
1834.4541218957497 1833.7418211892034 1.8111687420206528
1834.4712177168408 1833.7398910696463 1.8150571681752428
1834.494012392794 1833.7609958901203 1.825240390522557
1834.5111085856365 1833.774066461884 1.8343534177762577
1834.5282049378034 1833.784383438204 1.8383122944582406
1834.5566992121378 1833.7899923359528 1.840055451907002
1834.5794949502663 1833.7843702652303 1.8397966295933499
1834.6022909716453 1833.7629564638303 1.8384434698245218
1834.6421846906499 1833.6800893903614 1.8445970907510116
1834.6592822643538 1833.7558411719656 1.8528106568457803
1834.6820792771537 1833.7997188592979 1.8585012372136327
1834.6991772226434 1833.8159602261792 1.8640109529293811
1834.7219747311676 1833.850012349626 1.865448556226358
1834.7447725229642 1833.8600429899682 1.87044242234425
1834.7732701610753 1833.925012038169 1.8857806625543785
1834.7903689564034 1833.9281134013756 1.894571026995448
1834.8131675980494 1833.9274838933732 1.896811563744636
1834.830266765194 1833.931440372315 1.8984620037720505
1834.8530659026 1833.9357343160725 1.8981666666184172
1834.8701654415686 1833.9353563159195 1.8976780603991759
1834.8929650747455 1833.9160225148241 1.902732452436628
1834.9157649912286 1833.9343286026906 1.909251169056951
1834.9385651910138 1833.9715563472078 1.922399601578673
1834.9556655267759 1833.984618863866 1.9273094498325203
1834.9955669299663 1833.0805863631128 1.9373996249500056
1835.0240684634682 1833.2845723381793 1.9384699027987948
1835.0411695960604 1835.2349688463971 1.9397466879847478
1835.058270888023 1835.296867435863 1.9448281857593754
1835.0753723393573 1835.2968755745853 1.9440768923704166
1835.1152763455916 1835.2349739329456 1.9392309034911572
1835.1323783281769 1835.2976185196976 1.9219367040099447
1835.1608819866622 1835.2982832106966 1.9062383489944872
1835.1950869612363 1835.2663246729558 1.9033926053540529
1835.2235915937247 1835.033755622911 1.898291952722085
1835.2406945857317 1834.9881255014022 1.901668659656028
1835.2577977371268 1835.0439872755092 1.8962409579061235
1835.2806021869249 1835.0486234529342 1.8944254551585007
1835.3091081476537 1835.0066223886117 1.8904870198355483
1835.3376145511393 1834.862101500829 1.8909458105523016
1835.3832257176807 1834.732943209452 1.8885808982543804
1835.41173327238 1834.6128006197368 1.8868581312904267
1835.4345396349418 1834.8403889656036 1.8767961659103147
1835.4744514513263 1834.8635245873786 1.8673646105041612
1835.4915567811706 1834.5020666914088 1.8707148254552648
1835.5086622704246 1834.5298804507463 1.8671469240802727
1835.5371717734301 1834.7258863766913 1.856869954610382
1835.5599796946594 1834.727306494699 1.8529993174299757
1835.5884899947382 1834.7889293940548 1.845771316238868
1835.6170007376409 1834.3966556396963 1.8453494705558542
1835.639809650808 1833.8662499951033 1.8433264504165587
1835.6626188473897 1834.4685402326147 1.832186680245737
1835.6911307416772 1834.9238536995267 1.8159353824950517
1835.7082380908203 1835.00515073126 1.8101109765810266
1835.7253455993916 1834.9785381211468 1.8067777708294528
1835.7652637394017 1834.8275695431464 1.8022021824945225
1835.782371779412 1835.2369092840238 1.7946814616527675
1835.7994799788532 1835.298551251395 1.7916265614422726
1835.8165883377383 1835.3660077217432 1.7906144333229306
1835.845102623512 1835.4053640575994 1.782307403437728
1835.8622114075647 1835.4075917975474 1.780168898082404
1835.890726401969 1835.3758592408042 1.7827872094543962
1835.9192418392709 1835.467760967287 1.7731305366688161
1835.9477577194837 1835.4952534710235 1.766838686243385
1835.9705707425503 1835.5013874409565 1.7636394560454929
1835.9990874200146 1835.5233049360065 1.7618008187897407
1836.0161976390968 1835.5456283800725 1.759597257546448
1836.044715025244 1835.5512093478908 1.759918725583201
1836.0618256695434 1835.5620967805119 1.7544447782454649
1836.0960474365213 1835.50653748866 1.7609788801112778
1836.141677451371 1835.575019933938 1.7456287717454957
1836.1644928840349 1835.5663006228212 1.7439628181356774
1836.1873086001974 1835.5401077763931 1.748316620124004
1836.2158286440795 1836.615852745669 1.7405766583785798
1836.2386449981273 1836.6452530181773 1.7349470610362538
1836.267165839377 1836.65011223044 1.734919287191014
1836.2842785567614 1836.687126206402 1.7302025708221063
1836.3070957613504 1836.6784004637843 1.7343728062738193
1836.335617665792 1836.6378106845254 1.7448039983957777
1836.358435508308 1836.6227995742906 1.7465328551065136
1836.3755490762614 1836.6334041331172 1.7423098992348685
1836.398367414955 1836.6410073053707 1.7370571760075593
1836.4211860371875 1836.640982527002 1.7331406503762772
1836.4440049429545 1836.6439812582703 1.7326706072402565
1836.4725289738938 1836.6535573004917 1.7273445906962885
1836.489643605118 1836.6639057533337 1.7208081918044846
