line_measurements.ecsv
# %ECSV 1.0
# ---
# datatype:
# - {name: center_guess_nm, datatype: float64}
# - {name: fit_center_nm, datatype: float64}
# - {name: EW_nm, datatype: float64}
# schema: astropy-2.0
center_guess_nm fit_center_nm EW_nm
[from data line 13621]
1903.7077100127983 1903.2610670475221 0.6611549421105046
1903.725451228581 1903.1623886976495 0.6499413610655078
1903.7431926096997 1903.1099923584493 0.6558477192731742
1903.7609341561551 1903.1635713763815 0.6801688100023078
1903.7786758679497 1902.777216916558 0.7127281808515762
1903.8082457550317 1902.8102646131167 0.6953185575891601
1903.8319019953808 1902.5181742715458 0.7009461500991595
1903.8614727091822 1902.730755105893 0.73889038067545
1903.8851296109156 1902.9301884706642 0.7764088006426164
1903.9265298962807 1903.215488768466 0.8503001655126666
1903.9501876064023 1903.1583775900028 0.8600419300555486
1903.9856747227655 1902.9917803009555 0.8862342664913078
1904.0034185289837 1902.853361201759 0.8959368256104343
1904.021162500562 1903.1203014412558 0.9343072593093267
1904.0507361539935 1902.9103765130837 0.9501612556059738
1904.0803102667728 1902.9363361322462 0.9757318274467546
1904.1098848388992 1903.4000722259593 1.0246566627694538
1904.1690353612425 1903.578872271925 1.108132793659186
1904.186780876249 1903.6425771534796 1.1455448163097648
1904.2045265566353 1903.591081725872 1.1733861633424891
1904.2222724023984 1903.584766501678 1.182497782458272
1904.2636800189914 1903.6216644067304 1.1911389886099435
1904.2873419184511 1903.611829348332 1.2192660290482726
1904.3050885359953 1903.648018171514 1.251713351204013
1904.3464979534342 1903.7019310652906 1.3219534327952922
1904.3642451222709 1903.664174325534 1.336646194025713
1904.3879082713277 1903.6248574257559 1.3468734241493237
1904.4115717144202 1903.687766211095 1.3757005721653974
1904.4293194896986 1903.76761939239 1.4171751709266505
1904.4529834473528 1903.7272591544984 1.429210906563738
1904.4707316085594 1903.7613526740483 1.4559288333281177
1904.5062284271753 1906.0217924511373 1.5021582239547184
1904.5358096147515 1906.4290398233607 1.5396077943048103
1904.5653912617931 1905.9155329335363 1.5602920343129403
1904.5949733683024 1905.5801103722754 1.6064576712953014
1904.6127228527555 1905.9178950981004 1.6459706792366693
1904.6423056944252 1914.3917083977349 1.7326699500091083
1904.6778057109555 1937.2660316549204 1.77895349763329
1904.6955559673474 1908.8793622334663 1.8019632058679942
1904.7310569763927 1906.1771402767492 1.8160133028386358
1904.7665586471292 1930.7982524483407 1.8689178503094026
1904.7902267952318 1959.7334000155568 1.9268988449363447
1904.8079780993091 1951.2667502948104 1.9707608193852741
1904.8257295688163 1964.1782707763723 2.014006203993234
1904.855315718955 1961.9365876007373 2.0485203255501387
1904.8789849699303 1942.8603537044862 2.0748113939532544
1904.902654515014 1910.2865766181178 2.099156601678405
1904.9618296644762 1907.9769897283315 2.1908960247253653
1904.991417928546 1900.4221115435623 2.2334211033718523
1905.0328422703267 1902.7862648623995 2.312975200951856
1905.0505958354097 1906.0921836012938 2.3706890815569146
1905.0683495659428 1906.1181554281034 2.3941283515089014
1905.1097755806186 1906.0653163639379 2.459981521126577
1905.1275298626654 1906.0156908648394 2.4604588551943984
1905.157120700425 1905.9383265871586 2.509355384304993
1905.1807937015533 1906.3923905276617 2.5578414727350633
1905.1985486454391 1906.3024492572026 2.601715667355096
1905.228140586281 1906.5927496113873 2.670175372047143
1905.2458959714065 1906.5308404140449 2.702792638050894
1905.269570075634 1907.4826813312181 2.7304010254819824
1905.3050817835435 1937.6082268883304 2.7774389202294474
1905.3346753790804 1959.390265026093 2.827246096535663
1905.376107185049 1909.5660187867795 2.870847633934763
1905.3938639491193 1911.969868793581 2.910295663169915
1905.4116208786697 1909.7809660471003 2.930809889087225
1905.4412161289943 1867.4422447917434 2.9694170901495887
1905.4708118389942 1901.2130140687616 2.983256729704257
1905.500408008685 1903.9919773801169 3.0328619098561775
1905.5181659311515 1903.9967816781475 3.080660531895864
1905.547762836352 1972.9858643547418 3.16722264149137
1905.5832797294072 1924.732600685199 3.222358227524713
1905.6010384241795 1906.939729869429 3.2350170354582364
1905.6365563102213 1906.6472510556068 3.2807111320395426
1905.6543155014938 1906.60219910072 3.298669766024716
1905.6720748582695 1906.5172557122742 3.323528239600945
1905.68983438055 1906.835566323482 3.3416616290830126
1905.7253539216313 1906.6890780711315 3.3977230159855014
1905.743113940435 1906.7572741179054 3.430364081176627
1905.76087412475 1906.6211329447108 3.431022686723602
1905.7786344745768 1906.8267656709318 3.459657942033457
1905.8200759345068 1906.5186828908002 3.5082716737735686
1905.84967752904 1906.4295424943116 3.5325221713329764
1905.8674387064525 1906.4269468274972 3.5406408524688366
1905.891120533813 1906.3718596111562 3.5269696668391894
1905.9088820974448 1906.3579314845801 3.5245409099302742
1905.93256443977 1906.3205318305631 3.519511359423799
1905.95624707637 1906.3692253605 3.574600979519141
1905.9858507859383 1906.351608690486 3.5854795729898234
1906.0095340846608 1906.3454216910397 3.5984291424501738
1906.02729675182 1906.340385936367 3.6013863753054567
1906.0450595845184 1906.326738876359 3.599420201740659
1906.0628225827538 1906.3396388676333 3.6159156346659573
1906.080585746528 1906.3269893601412 3.6015068735709117
1906.1042702224033 1906.3568165959275 3.636105591758139
1906.1279549925723 1906.3552806828648 3.6394471958985544
1906.157561369147 1906.3723975390358 3.664302660266258
1906.1812468014984 1906.364134554619 3.6587206867900375
1906.2049325281587 1906.3527873839137 3.6581846894222045
1906.2226970162978 1906.3578787814836 3.6644491291976755
1906.240461669989 1906.3934409903177 3.6903378071507236
1906.2582264892342 1906.405549497344 3.7080542591855563
1906.2759914740357 1906.4139124003696 3.738673098731864
1906.2937566243938 1906.4144893050761 3.7427231128083487
1906.3174437490725 1906.4110087489976 3.726730181562588
1906.3352092857367 1906.3930776669267 3.690809275843089
1906.352974987963 1906.3476848200903 3.6712866435743523
1906.3707408557536 1906.370516849897 3.680001663787267
1906.4003510033294 1906.3445578413641 3.6836483673248743
1906.4181173126308 1906.3373590416654 3.654502947984291
1906.4536504279436 1906.3347324173362 3.6602624788268874
1906.4714172339584 1906.3438088215798 3.6402745582905567
1906.4891842055472 1906.357625862137 3.6253974935191264
1906.5069513427075 1906.3470469565723 3.6203815236402845
1906.5247186454494 1906.3575862757814 3.5981482645134584
1906.55433118464 1906.3481347199488 3.595548343714108
1906.583944183779 1906.3255906793572 3.5761040181037087
1906.6135576428692 1906.3507154459464 3.527646495161689
1906.6372487413187 1906.3926720673223 3.4970524072016795
1906.6550172583368 1906.3995009295702 3.4793391305106542
1906.6787088719527 1906.40657191985 3.4563042371155204
1906.7142468443483 1906.3805818158762 3.433375940321377
1906.732016078938 1906.3588617737262 3.4172553377215666
1906.7675550449094 1906.409816968017 3.3612284527567864
1906.7853247762937 1906.4447579348305 3.3049212337729434
1906.8149413632696 1906.4649043810377 3.2555113633558928
1906.8327115362613 1906.4628536504765 3.2524846622505663
1906.8504818748584 1906.4762814286944 3.2283848238230015
1906.903793884299 1906.4512046712823 3.1773507640102547
1906.9334123113654 1906.4361519233883 3.141695749742841
1906.9630311984674 1906.4304851141694 3.1058144993412817
1906.9808027515523 1906.3952335159831 3.0964481713566823
1907.0163463545784 1906.3977963008326 3.0234776534305876
1907.0341184045228 1906.4143601478888 3.002150052922978
1907.0518906200905 1906.4331410801735 2.9742752009907787
1907.093359767178 1906.4006847945507 2.9066395133512115
1907.1111325348334 1906.414561754504 2.869692822548588
1907.140754182327 1906.0963879751484 2.820088721742873
1907.1644518315836 1905.7925859278182 2.753641732456378
1907.194074307244 1906.0405709147838 2.6764482450254503
1907.2296218853699 1906.1951321826882 2.6036706003247057
1907.259245373261 1906.2650195230565 2.534383046252363
1907.2829444948632 1906.3316922943322 2.4976894535869496
1907.3066439109407 1906.287507112805 2.420179831945344
1907.3303436215015 1906.2982981099665 2.354474823839819
1907.3658937395073 1906.2847340992803 2.294057109429124
1907.3836690469877 1906.258342374946 2.2583973859915134
1907.413294927575 1905.948403697999 2.167245120273072
1907.4310706768006 1906.1215413890204 2.127195707771335
1907.4488465916843 1905.2111130338208 2.0925430908302776
1907.4843989184294 1862.8101891097288 2.044688230184679
1907.5081008377285 1836.9811715045814 1.95127238703615
1907.5258774704787 1904.3197205719184 1.859443374656765
1907.54957990518 1905.0850070748977 1.785918876631301
1907.5732826344017 1905.7533644507387 1.7085658937895767
1907.5910598746007 1902.7661638377824 1.667810243388674
1907.6206889764258 1904.2609800389464 1.5613855097218188
1907.6443925892308 1904.281975313366 1.48903025603298
1907.662170492124 1904.9660202000946 1.418782938423978
1907.6918006984538 1905.2390236899566 1.3165764039549412
1907.7214313650024 1905.5411512618152 1.214702879956081
1907.739209985843 1905.8563887178336 1.1442394548622297
1907.756988772368 1905.9596634135473 1.0812667677366163
1907.804399679792 1905.9282834534629 0.9357529199432509
1907.82810557534 1905.8225227595997 0.8667308890312737
1907.8636649709715 1905.6602801702193 0.7634432440612628
1907.881444917329 1905.9659207085615 0.7231611126180796
1907.9170053071352 1905.3533086182586 0.6380387100597036
1907.9407126018923 1906.4834278650417 0.5666666239540818
1907.9644201912342 1906.5888824627111 0.4844095806053649
1907.99998212759 1902.931869256745 0.37392402478362596
1908.0236904533963 1903.8388049051555 0.2835720558315591
1908.0414718910786 1901.176971587409 0.25463640320486225
1908.0592534944717 1897.337290314386 0.1988074514851892
1908.094817198395 1876.28109776565 0.10761062609171301
1908.142236501409 1901.3538596769522 -0.05499666572251505
1908.1837293582412 1903.256336127976 -0.1893980038630777
1908.2015122873738 1906.4915642894648 -0.2467399687183045
1908.2192953822305 1906.0731479302474 -0.31289147466491873
1908.2430064331716 1906.9200715665138 -0.3923726472440361
1908.2607899147247 1907.1427415965697 -0.47797268380755886
1908.34378168664 1907.1973754367784 -0.7251994303964473
1908.3734224798968 1907.3727990425677 -0.8276410778134142
1908.4267770679373 1906.693532011435 -1.0042524790739296
1908.4504906969894 1909.7755739016789 -1.0916648672506974
1908.480133147673 1910.2915089736784 -1.2035294509030456
1908.5157046962333 1909.7886278863582 -1.2925263927612813
1908.6876431944033 1914.1044126508955 -1.854823514747037
1909.0256364220866 1909.7717451369917 -2.793014817273142
1911.2626430557364 1912.276529452181 -3.4402616662969168
1911.393265475062 1912.5179516728733 -3.1719467817504365
1911.4942070952668 1912.7922041639972 -2.9530710237297697
1911.5773394910543 1913.3744868351093 -2.730589647335834
1911.6901678111722 1913.5566880750723 -2.4684285465261153
1911.9455407057071 1910.37409752579 -1.85315830080504
1912.016813648284 1906.5311753078715 -1.6808173616834907
1912.040571886224 1910.6079029934517 -1.6110245212635432
1912.0702700987963 1910.3549475295565 -1.5207255405648563
1912.2009477141983 1911.2133817180504 -1.1538623150551988
1912.2425288283525 1911.2956227628918 -1.0715643851875536
1912.2662898709762 1909.6724745525164 -1.0380605265837153
1912.3197532963782 1869.938074301059 -0.9130135637753178
1912.3494558452544 1899.018158682289 -0.810271975239593
1912.3910401887417 1910.1537602686326 -0.7163854736133842
1912.438566259986 1875.4821412871065 -0.6173616708011251
1912.456388841203 1875.9392122279946 -0.5713456789693666
1912.4801525411935 1906.1808605655478 -0.5258839358425845
1912.5098575814245 1884.392071082228 -0.45224208180688175
1912.5395630830365 1871.7510622877408 -0.38492115189285925
1912.5633278165326 1878.762406099617 -0.30823357927648337
1912.6108581694048 1909.1950855446737 -0.18335233110133214
1912.6286823562612 1893.5866651738945 -0.16100627981205368
1912.6524481971271 1908.5218887764006 -0.0999960048666047
1912.694039129235 nan -0.0823863586745629
1912.717805782208 1914.246366309855 -0.0117434550258948
1912.7475145137184 1915.4591811873918 0.08871845515266291
1912.7772237066674 1914.752354800915 0.12512673209789194
1912.8069333610697 1913.9474711045766 0.12897697947535264
1912.8425855554742 1914.0396778022555 0.2038394436687641
1912.866354054247 1914.2224406610358 0.2612232202934111
1912.8901228483614 1913.8620163041217 0.2839540908654602
1912.9257765933082 1913.740609677182 0.30829088920005493
1912.9436037149826 1913.745320678024 0.3366374545629114
1912.9852009783099 1913.8422106414498 0.4216316457993823
1913.020856495387 1913.9880275442254 0.47639421429519235
1913.0505699339446 1913.9358957211823 0.5102295461719649
1913.0683982186051 1914.2640235032302 0.559623280063566
1913.0921695232694 1914.0091963896039 0.5735227892521372
1913.109998195609 1913.8056160550263 0.5802669271101247
1913.1337700171875 1913.5816045446375 0.593566982321962
1913.1515990772107 1913.573736759292 0.6081369355576386
1913.181314546489 1913.5843893130038 0.6457138903919057
1913.1991440495974 1913.5932229273242 0.6580761617966155
1913.2169737188644 1913.5954958446423 0.6637929169350667
1913.2526335558791 1913.601743541695 0.6875565994939796
1913.2942375391096 1913.6552611941731 0.7342087696397188
1913.3239552238786 1913.6568277907795 0.731628894556549
1913.3417860562975 1913.6960332585154 0.7868956628596004
1913.371504479596 1913.680477527709 0.8099370154692901
1913.3893357551406 1913.6719429928005 0.8066280129464867
1913.4249988047563 1913.6390172948531 0.7785260294186427
1913.4487745404494 1913.636628799904 0.8071597828752908
1913.4666065361005 1913.659990393405 0.8104160845262041
1913.5022710259375 1913.66436230941 0.8041126794441171
1913.5201035201342 1913.662283010268 0.803182673670262
1913.5379361805176 1913.6626986967624 0.7972660414630307
1913.5736019998487 1913.6905771887962 0.7927380898254859
1913.5914351588003 1913.7192366056672 0.8196131954968762
1913.6271019752817 1913.7555235383065 0.8691783673952782
1913.6508802222575 1913.7957282857844 0.8597388371664464
1913.6865481467164 1913.7837577047862 0.8439404920136446
1913.7043823582467 1913.776361078193 0.8376287764609612
1913.7281615654927 1913.7706655518189 0.8348244240426562
1913.763830930374 1913.7780308817864 0.8605850399957946
1913.799500960081 1913.5974842565508 0.892743847346759
1913.8292264927065 1913.6005651338382 0.8868153009075663
1913.8530072512308 1913.585394274168 0.9234145577300611
1913.8767883052526 1913.5879286533448 0.9107246737189355
1913.9065150383171 1913.58607740834 0.9143851097131259
1913.930296757213 1913.5845799391848 0.9180785793838422
1913.9481332403084 1913.5770500518988 0.9470591945686238
1913.9778610815179 1913.5808895148198 0.9901435355795623
1914.0135351004678 1914.9408310734432 0.9177346611691573
1914.049209784335 1915.4373762733849 0.9204540504988649
1914.0670473756159 1915.7652545847466 0.906859510695537
1914.084885133131 1915.526645874507 0.8822834136205645
1914.1740764142662 1915.8969981295265 0.8519748349128052
1914.1978614578081 1955.222150853075 0.8071973689747061
1914.2394859951698 1942.3729456740898 0.78188184950964
1914.2692183617346 1921.6000821374985 0.7792356845544112
1914.287058003341 1941.1941290239308 0.7832963314266527
1914.3108444507639 1913.2705327165256 0.711276134131889
1914.3524714449584 1913.3309671101497 0.6601713732340609
1914.3762587051958 1913.1339250898284 0.6472793015537384
1914.405993196139 1911.5701884222367 0.6425865074006022
1914.4476222593585 1911.9343203415542 0.5923784592425151
1914.4654635635634 1912.9854137069774 0.5430904671701471
1914.4892522278126 1912.1648915572098 0.5295704078368912
1914.5070939199795 1913.047167436436 0.48295377198141176
1914.5249357784182 1913.1583834292564 0.45355061637863436
1914.5546725786448 1913.2030482344064 0.41197682150321585
1914.5784623513823 1913.65256859666 0.36542257210667706
1914.6022524197222 1913.8369009444166 0.3139429986982396
1914.626042783671 1913.3393365428951 0.3144989580406711
